Position: 1000
mean: 0.020360400000000018   Std 0.031572945884728615

Position: 1
mean: 0.0124   Std 0.9999231170445055

Position: 10
mean: 0.02205999999999999   Std 0.3164132683690745

Position: 100
mean: 0.01923200000000001   Std 0.10027666815366375

