Position: 0001
Mean: 0.0262, SD: 0.99965672108

Position: 0010
Mean: 0.02362, SD: 0.319283722729

Position: 0100
Mean: 0.021108, SD: 0.0995858038879

Position: 1000
Mean: 0.020436, SD: 0.0317638710487

