Position: 0001
Mean: 0.0272, SD: 0.999630011554

Position: 0010
Mean: 0.01462, SD: 0.316591622757

Position: 0100
Mean: 0.020194, SD: 0.0998342744953

Position: 1000
Mean: 0.0201646, SD: 0.0317299811982

