positions: [1, 10, 100, 1000]
num_trials: 10000
position: 1, mean return: 0.0236, standard deviation of return: 0.999721481214
position: 10, mean return: 0.01528, standard deviation of return: 0.316149524118
position: 100, mean return: 0.021072, standard deviation of return: 0.0994901543672
position: 1000, mean return: 0.0200372, standard deviation of return: 0.0313240389503
