positions: [1, 10, 100, 1000]
num_trials: 10000
position: 1, mean return: 0.0064, standard deviation of return: 0.99997951979
position: 10, mean return: 0.02282, standard deviation of return: 0.316435218647
position: 100, mean return: 0.018472, standard deviation of return: 0.100455289637
position: 1000, mean return: 0.020358, standard deviation of return: 0.031783603257
