Position:1 Mean:  0.019 Standard Deviation:  0.999819483707  
Position:10 Mean:  0.01802 Standard Deviation:  0.318457657468  
Position:100 Mean:  0.019834 Standard Deviation:  0.100199463292  
Position:1000 Mean:  0.0206718 Standard Deviation:  0.031519014654  
