Position:1 Mean:  0.0406 Standard Deviation:  0.999175480083  
Position:10 Mean:  0.01966 Standard Deviation:  0.316672519174  
Position:100 Mean:  0.020052 Standard Deviation:  0.100247280741  
Position:1000 Mean:  0.019972 Standard Deviation:  0.031591416809  
