Position:1 Mean:  0.0132 Standard Deviation:  0.999912876205  
Position:10 Mean:  0.01936 Standard Deviation:  0.316583623076  
Position:100 Mean:  0.019096 Standard Deviation:  0.0988059855677  
Position:1000 Mean:  0.0203418 Standard Deviation:  0.0314425376323  
