Position:1,mean:0.008,std:0.999967999488
Position:10,mean:0.02098,std:0.317465210692
Position:100,mean:0.020432,std:0.0982337219289
Position:1000,mean:0.019811,std:0.0316037348654
